39,226
0,431
0,430
0,429
0,428
0,427
0,426
0,423
0,422
39,225
39,224
39,223
0,552
40,49
40,43
40,148
41,34
0,417
0,416
0,415
0,414
0,413
0,412
0,411
41,33
0,410
0,408
0,407
0,406
0,405
0,404
46,7
46,6
0,403
0,402
41,32
0,401
0,400
0,399
0,398
0,397
0,396
39,222
39,221
39,220
39,219
39,218
39,217
39,216
39,215
39,214
39,213
39,212
39,211
39,210
39,209
39,208
39,207
39,206
39,205
39,204
39,203
39,202
39,201
39,200
39,199
39,198
39,197
39,196
39,195
39,194
39,193
39,192
39,123
0,395
56,36
0,394
0,393
0,392
0,391
0,390
0,389
0,387
39,72
0,386
0,385
0,384
0,319
56,35
39,93
39,92
39,91
39,90
39,89
39,88
39,87
39,86
39,85
39,84
39,83
39,82
39,81
39,80
39,79
39,78
39,77
39,76
39,34
39,33
39,4
39,75
39,68
39,35
39,32
39,31
39,70
39,30
39,19
39,18
39,17
39,16
39,15
39,14
39,13
39,12
39,9
39,8
39,7
39,6
39,5
39,3
3,2
3,1
3,3
10,81
10,145
10,67
10,165
10,35
10,225
10,2
10,3
11,14
11,10
11,8
11,13
9,7
8,11
8,6
8,9
8,18
8,15
39,158
39,157
39,156
39,155
39,154
39,153
39,152
39,151
39,150
39,149
39,148
39,147
39,146
39,145
39,144
39,143
39,142
39,141
39,140
39,139
39,138
39,137
39,136
39,135
39,134
39,133
39,132
39,131
39,130
39,129
39,128
39,127
39,126
39,125
39,124
39,122
39,69
39,1
20,3
20,2
20,1
19,3
19,2
19,1
12,3
12,2
12,1
11,30
11,29
11,28
11,27
11,26
11,25
